http://news.sanook.com/lotto/check/16052564/
FIRST 684579
THREE_FIRST 615 843
THREE_LAST 276 970
TWO 14
NEAR_FIRST 684578 684580
SECOND 029555 030705 252537 397364 673800 
THIRD 039048 218742 355222 381159 520561 624502 736653 740510 844801 868797 
FOURTH 003760 214351 261130 340311 478298 569087 712396 775085 887714 953661 040531 222646 262458 367050 479718 580927 714496 796486 901864 957524 089444 250992 300665 412734 484562 590912 719644 819365 915503 979021 183835 256717 305521 419473 526700 635067 720674 831164 932207 988738 199443 260332 331568 422433 532431 651151 757428 880914 947316 992429 
FIFTH 000125 132294 238226 294072 338269 458052 556039 686042 794646 913555 018171 132789 243510 296868 339454 467694 566721 698855 811666 933375 024950 169838 243724 306208 342399 470548 572547 706900 816269 949488 045442 178823 251970 307696 343811 492229 595269 716015 817669 961360 057981 188976 262303 307771 366485 494665 599484 720643 834010 967097 097117 194720 267529 313162 373876 498796 644985 730325 845157 971506 098803 220155 270377 313314 381929 512198 645915 748629 885758 983827 114790 229945 273451 321781 401716 521370 648233 757923 889481 991315 120564 231943 274813 322047 420009 524950 656746 765262 904626 993184 131742 236745 281162 333912 450295 532509 668675 777455 908140 998229 
